13819 | 01-2026 | 2550000 | 0 | 2550000
13997 | 01-2026 | 460000 | 0 | 460000
12 | 01-2026 | 460000 | 23000 | 437000
8 | 01-2026 | 400000 | 0 | 400000
17 | 01-2026 | 250000 | 0 | 250000
18 | 01-2026 | 100000 | 0 | 100000
14001 | 01-2026 | 620000 | 0 | 620000
14002 | 01-2026 | 1350000 | 0 | 1350000
14003 | 01-2026 | 400000 | 0 | 400000
14004 | 01-2026 | 460000 | 0 | 460000
14005 | 01-2026 | 530000 | 0 | 530000
14006 | 01-2026 | 40000 | 0 | 40000
14007 | 01-2026 | 80000 | 0 | 80000
14008 | 01-2026 | 250000 | 0 | 250000
14009 | 01-2026 | 85000 | 0 | 85000
14010 | 01-2026 | 40000 | 0 | 40000
14011 | 01-2026 | 650000 | 0 | 650000
14012 | 01-2026 | 260000 | 0 | 260000
14013 | 01-2026 | 80000 | 0 | 80000
14014 | 01-2026 | 180000 | 0 | 180000
14015 | 01-2026 | 480000 | 0 | 480000
14016 | 01-2026 | 530000 | 0 | 530000
14017 | 01-2026 | 430000 | 0 | 430000
14019 | 01-2026 | 1030000 | 0 | 1030000
14020 | 01-2026 | 300000 | 0 | 300000
14021 | 01-2026 | 1690000 | 84500 | 1605500
14022 | 01-2026 | 400000 | 0 | 400000
14024 | 01-2026 | 460000 | 0 | 460000
14025 | 01-2026 | 25000 | 0 | 25000
14026 | 01-2026 | 250000 | 0 | 250000
14027 | 01-2026 | 85000 | 0 | 85000
14028 | 01-2026 | 530000 | 0 | 530000
14029 | 01-2026 | 460000 | 0 | 460000
14030 | 01-2026 | 120000 | 0 | 120000
14032 | 01-2026 | 85000 | 0 | 85000
14035 | 01-2026 | 280000 | 0 | 280000
14036 | 01-2026 | 545000 | 0 | 545000
14037 | 01-2026 | 40000 | 0 | 40000
14038 | 01-2026 | 120000 | 0 | 120000
14039 | 01-2026 | 350000 | 0 | 350000
14040 | 01-2026 | 100000 | 0 | 100000
14041 | 01-2026 | 20000 | 0 | 20000
14042 | 01-2026 | 40000 | 0 | 40000
14045 | 01-2026 | 115000 | 0 | 115000
14046 | 01-2026 | 420000 | 0 | 420000
14047 | 01-2026 | 150000 | 0 | 150000
14048 | 01-2026 | 170000 | 0 | 170000
14049 | 01-2026 | 280000 | 0 | 280000
14050 | 01-2026 | 750000 | 0 | 750000
14051 | 01-2026 | 1190000 | 0 | 1190000
14052 | 01-2026 | 180000 | 0 | 180000
14053 | 01-2026 | 530000 | 0 | 530000
14054 | 01-2026 | 368000 | 0 | 368000
14055 | 01-2026 | 404000 | 0 | 404000
14056 | 01-2026 | 280000 | 0 | 280000
14059 | 01-2026 | 130000 | 0 | 130000
14160 | 01-2026 | 1030000 | 0 | 1030000
14061 | 01-2026 | 160000 | 0 | 160000
14062 | 01-2026 | 80000 | 0 | 80000
14063 | 01-2026 | 930000 | 0 | 930000
14064 | 01-2026 | 580000 | 0 | 580000
14065 | 01-2026 | 40000 | 0 | 40000
14067 | 01-2026 | 310000 | 0 | 310000
14069 | 01-2026 | 115000 | 0 | 115000
14070 | 01-2026 | 460000 | 0 | 460000
14071 | 01-2026 | 680000 | 0 | 680000
14072 | 01-2026 | 400000 | 0 | 400000
14074 | 01-2026 | 1050000 | 0 | 1050000
14075 | 01-2026 | 200000 | 0 | 200000
14076 | 01-2026 | 25000 | 0 | 25000
14077 | 01-2026 | 680000 | 0 | 680000
14078 | 01-2026 | 40000 | 0 | 40000
14079 | 01-2026 | 520000 | 0 | 520000
14080 | 01-2026 | 180000 | 0 | 180000
14081 | 01-2026 | 500000 | 0 | 500000
14082 | 01-2026 | 460000 | 0 | 460000
14083 | 01-2026 | 40000 | 0 | 40000
14084 | 01-2026 | 30000 | 0 | 30000
14085 | 01-2026 | 265000 | 0 | 265000
14086 | 01-2026 | 20000 | 0 | 20000
14087 | 01-2026 | 750000 | 0 | 750000
14089 | 01-2026 | 455000 | 0 | 455000
14090 | 01-2026 | 315000 | 0 | 315000
14091 | 01-2026 | 350000 | 0 | 350000
14092 | 01-2026 | 280000 | 0 | 280000
14093 | 01-2026 | 910000 | 45500 | 864500
14094 | 01-2026 | 1030000 | 0 | 1030000
14095 | 01-2026 | 1250000 | 0 | 1250000
14096 | 01-2026 | 1100000 | 0 | 1100000
14097 | 01-2026 | 500000 | 0 | 500000
14098 | 01-2026 | 200000 | 0 | 200000
14099 | 01-2026 | 40000 | 0 | 40000
14100 | 01-2026 | 120000 | 0 | 120000
14101 | 01-2026 | 250000 | 0 | 250000
14102 | 01-2026 | 285000 | 0 | 285000
14103 | 01-2026 | 40000 | 0 | 40000
14104 | 01-2026 | 130000 | 0 | 130000
14105 | 01-2026 | 390000 | 0 | 390000
14106 | 01-2026 | 480000 | 0 | 480000
14107 | 01-2026 | 80000 | 0 | 80000
14108 | 01-2026 | 465000 | 0 | 465000
14109 | 01-2026 | 30000 | 0 | 30000
14110 | 01-2026 | 580000 | 0 | 580000
14111 | 01-2026 | 630000 | 0 | 630000
14112 | 01-2026 | 50000 | 0 | 50000
14113 | 01-2026 | 365000 | 0 | 365000
14114 | 01-2026 | 250000 | 0 | 250000
14115 | 01-2026 | 1350000 | 0 | 1350000
14118 | 01-2026 | 930000 | 0 | 930000
14119 | 01-2026 | 460000 | 0 | 460000
14120 | 01-2026 | 40000 | 0 | 40000
14121 | 01-2026 | 1030000 | 0 | 1030000
14123 | 01-2026 | 400000 | 0 | 400000
14124 | 01-2026 | 80000 | 0 | 80000
14125 | 01-2026 | 40000 | 0 | 40000
14126 | 01-2026 | 125000 | 0 | 125000
14127 | 01-2026 | 250000 | 0 | 250000
14128 | 01-2026 | 30000 | 0 | 30000
14129 | 01-2026 | 80000 | 0 | 80000
14130 | 01-2026 | 20000 | 0 | 20000
14131 | 01-2026 | 250000 | 0 | 250000
14132 | 01-2026 | 365000 | 0 | 365000
14133 | 01-2026 | 530000 | 0 | 530000
14134 | 01-2026 | 40000 | 0 | 40000
14135 | 01-2026 | 250000 | 0 | 250000
14136 | 01-2026 | 945000 | 0 | 945000
14137 | 01-2026 | 2620000 | 0 | 2620000
14139 | 01-2026 | 700000 | 0 | 700000
14140 | 01-2026 | 2900000 | 0 | 2900000
14141 | 01-2026 | 750000 | 0 | 750000
14143 | 01-2026 | 250000 | 0 | 250000
14144 | 01-2026 | 1290000 | 0 | 1290000
14145 | 01-2026 | 630000 | 31500 | 598500
14146 | 01-2026 | 20000 | 0 | 20000
14147 | 01-2026 | 40000 | 0 | 40000
14148 | 01-2026 | 750000 | 0 | 750000
14149 | 01-2026 | 265000 | 0 | 265000
14150 | 01-2026 | 650000 | 0 | 650000
14151 | 01-2026 | 40000 | 0 | 40000
14154 | 01-2026 | 250000 | 0 | 250000
14155 | 01-2026 | 250000 | 0 | 250000
14156 | 01-2026 | 310000 | 0 | 310000
14157 | 01-2026 | 980000 | 0 | 980000
14158 | 01-2026 | 250000 | 0 | 250000
14159 | 01-2026 | 380000 | 0 | 380000
14162 | 01-2026 | 830000 | 0 | 830000
14163 | 01-2026 | 50000 | 0 | 50000
14164 | 01-2026 | 580000 | 0 | 580000
14165 | 01-2026 | 250000 | 0 | 250000
14166 | 01-2026 | 415000 | 0 | 415000
14167 | 01-2026 | 365000 | 0 | 365000
14169 | 01-2026 | 250000 | 0 | 250000
14170 | 01-2026 | 100000 | 0 | 100000
14171 | 01-2026 | 400000 | 0 | 400000
14172 | 01-2026 | 445000 | 0 | 445000
14173 | 01-2026 | 580000 | 0 | 580000
14174 | 01-2026 | 460000 | 0 | 460000
14175 | 01-2026 | 375000 | 0 | 375000
14176 | 01-2026 | 80000 | 0 | 80000
14177 | 01-2026 | 250000 | 0 | 250000
14178 | 01-2026 | 45000 | 0 | 45000
14179 | 01-2026 | 250000 | 0 | 250000
14180 | 01-2026 | 250000 | 0 | 250000
14181 | 01-2026 | 180000 | 0 | 180000
14182 | 01-2026 | 40000 | 0 | 40000
14183 | 01-2026 | 830000 | 0 | 830000
14184 | 01-2026 | 1560000 | 0 | 1560000
14185 | 01-2026 | 400000 | 0 | 400000
14186 | 01-2026 | 25000 | 0 | 25000
14187 | 01-2026 | 830000 | 0 | 830000
14188 | 01-2026 | 40000 | 0 | 40000
14189 | 01-2026 | 150000 | 0 | 150000
14190 | 01-2026 | 10000 | 0 | 10000
14191 | 01-2026 | 920000 | 46000 | 847000
14192 | 01-2026 | 620000 | 0 | 620000
14193 | 01-2026 | 960000 | 0 | 960000
14194 | 01-2026 | 250000 | 0 | 250000
14195 | 01-2026 | 120000 | 0 | 120000
14196 | 01-2026 | 660000 | 33000 | 627000
14197 | 01-2026 | 280000 | 0 | 280000
14198 | 01-2026 | 40000 | 0 | 40000
14199 | 01-2026 | 250000 | 0 | 250000
14200 | 01-2026 | 460000 | 0 | 460000
14201 | 01-2026 | 1030000 | 0 | 1030000
14202 | 01-2026 | 365000 | 0 | 365000
14203 | 01-2026 | 120000 | 0 | 120000
14204 | 01-2026 | 480000 | 0 | 480000
14205 | 01-2026 | 460000 | 0 | 460000
14206 | 01-2026 | 105000 | 0 | 105000
14207 | 01-2026 | 530000 | 0 | 530000
14208 | 01-2026 | 40000 | 0 | 40000
14209 | 01-2026 | 120000 | 0 | 120000
14210 | 01-2026 | 500000 | 0 | 500000
14211 | 01-2026 | 1580000 | 0 | 1580000
14212 | 01-2026 | 350000 | 0 | 350000
14213 | 01-2026 | 880000 | 44000 | 836000
14214 | 01-2026 | 250000 | 0 | 250000
14215 | 01-2026 | 1030000 | 0 | 1030000
14218 | 01-2026 | 300000 | 0 | 300000
14219 | 01-2026 | 270000 | 0 | 270000
14220 | 01-2026 | 280000 | 0 | 280000
14221 | 01-2026 | 975000 | 0 | 975000
14222 | 01-2026 | 2050000 | 0 | 2050000
14223 | 01-2026 | 1290000 | 64500 | 1225500
14224 | 01-2026 | 20000 | 0 | 20000
14225 | 01-2026 | 250000 | 0 | 250000
14226 | 01-2026 | 260000 | 0 | 260000
14227 | 01-2026 | 290000 | 0 | 290000
14228 | 01-2026 | 129000 | 0 | 129000
14229 | 01-2026 | 40000 | 0 | 40000
14230 | 01-2026 | 350000 | 0 | 350000
14231 | 01-2026 | 1500000 | 0 | 1500000
14233 | 01-2026 | 80000 | 0 | 80000
14234 | 01-2026 | 680000 | 0 | 680000
14235 | 01-2026 | 140000 | 0 | 140000
14236 | 01-2026 | 250000 | 0 | 250000
14237 | 01-2026 | 230000 | 0 | 230000
14238 | 01-2026 | 250000 | 0 | 250000
14239 | 01-2026 | 658000 | 0 | 658000
14240 | 01-2026 | 280000 | 0 | 280000
14241 | 01-2026 | 550000 | 0 | 550000
14242 | 01-2026 | 365000 | 0 | 365000
14243 | 01-2026 | 800000 | 0 | 800000
14244 | 01-2026 | 620000 | 0 | 620000
14245 | 01-2026 | 1080000 | 0 | 1080000
14257 | 01-2026 | 120000 | 0 | 120000
14247 | 01-2026 | 530000 | 0 | 530000
14248 | 01-2026 | 224000 | 0 | 224000
14249 | 01-2026 | 300000 | 0 | 300000
14250 | 01-2026 | 980000 | 0 | 980000
14251 | 01-2026 | 55000 | 0 | 55000
14256 | 01-2026 | 80000 | 0 | 80000
14253 | 01-2026 | 120000 | 0 | 120000
14254 | 01-2026 | 280000 | 0 | 280000
14255 | 01-2026 | 310000 | 0 | 310000
14258 | 01-2026 | 955000 | 0 | 955000
14259 | 01-2026 | 478000 | 0 | 478000
14260 | 01-2026 | 530000 | 0 | 530000
14264 | 01-2026 | 365000 | 0 | 365000
14265 | 01-2026 | 40000 | 0 | 40000
14268 | 01-2026 | 480000 | 0 | 480000
14263 | 01-2026 | 275000 | 0 | 275000
14271 | 01-2026 | 250000 | 0 | 250000
14272 | 01-2026 | 40000 | 0 | 40000
14273 | 01-2026 | 2465000 | 0 | 2465000
14274 | 01-2026 | 2745500 | 0 | 2745500
14278 | 01-2026 | 458000 | 0 | 458000
14252 | 02-2026 | 1558000 | 0 | 1558000
14261 | 02-2026 | 650000 | 0 | 650000
14262 | 02-2026 | 700000 | 0 | 700000
14270 | 02-2026 | 400000 | 0 | 400000
14277 | 02-2026 | 460000 | 0 | 460000
14161 | 02-2026 | 200000 | 0 | 200000
14279 | 02-2026 | 880000 | 0 | 880000
14280 | 02-2026 | 20000 | 0 | 20000
14281 | 02-2026 | 1030000 | 0 | 1030000
14282 | 02-2026 | 1030000 | 0 | 1030000
14283 | 02-2026 | 250000 | 0 | 250000
14284 | 02-2026 | 250000 | 0 | 250000
14285 | 02-2026 | 300000 | 0 | 300000
14286 | 02-2026 | 180000 | 0 | 180000
14287 | 02-2026 | 80000 | 0 | 80000
14288 | 02-2026 | 180000 | 0 | 180000
14289 | 02-2026 | 280000 | 0 | 280000
14290 | 02-2026 | 40000 | 0 | 40000
14291 | 02-2026 | 1270000 | 0 | 1270000
14292 | 02-2026 | 550000 | 0 | 550000
14293 | 02-2026 | 265000 | 0 | 265000
14296 | 02-2026 | 80000 | 0 | 80000
14297 | 02-2026 | 40000 | 0 | 40000
14298 | 02-2026 | 400000 | 0 | 400000
14299 | 02-2026 | 400000 | 0 | 400000
14300 | 02-2026 | 40000 | 0 | 40000
14301 | 02-2026 | 620000 | 0 | 620000
14303 | 02-2026 | 1145000 | 0 | 1145000
14305 | 02-2026 | 475000 | 0 | 475000
14306 | 02-2026 | 80000 | 0 | 80000
14307 | 02-2026 | 800000 | 0 | 800000
14308 | 02-2026 | 395000 | 0 | 395000
14309 | 02-2026 | 1980000 | 0 | 1980000
14313 | 02-2026 | 600000 | 0 | 600000
14314 | 02-2026 | 40000 | 0 | 40000
14315 | 02-2026 | 530000 | 0 | 530000
14316 | 02-2026 | 104000 | 0 | 104000
14317 | 02-2026 | 350000 | 0 | 350000
14318 | 02-2026 | 400000 | 0 | 400000
14319 | 02-2026 | 400000 | 0 | 400000
14321 | 02-2026 | 600000 | 30000 | 570000
14322 | 02-2026 | 650000 | 0 | 650000
14323 | 02-2026 | 500000 | 0 | 500000
14324 | 02-2026 | 1550000 | 77500 | 1472500
14325 | 02-2026 | 40000 | 0 | 40000
14326 | 02-2026 | 500000 | 0 | 500000
14327 | 02-2026 | 40000 | 0 | 40000
14328 | 02-2026 | 250000 | 0 | 250000
14330 | 02-2026 | 265000 | 0 | 265000
14333 | 02-2026 | 580000 | 0 | 580000
14334 | 02-2026 | 40000 | 0 | 40000
14335 | 02-2026 | 160000 | 0 | 160000
14336 | 02-2026 | 580000 | 0 | 580000
14338 | 02-2026 | 510000 | 51000 | 459000
14339 | 02-2026 | 650000 | 0 | 650000
14341 | 02-2026 | 630000 | 0 | 630000
14342 | 02-2026 | 460000 | 0 | 460000
14343 | 02-2026 | 530000 | 0 | 530000
14344 | 02-2026 | 180000 | 0 | 180000
14345 | 02-2026 | 1030000 | 0 | 1030000
14346 | 02-2026 | 270000 | 0 | 270000
14347 | 02-2026 | 40000 | 0 | 40000
14348 | 02-2026 | 150000 | 0 | 150000
14349 | 02-2026 | 295000 | 0 | 295000
14350 | 02-2026 | 280000 | 0 | 280000
14351 | 02-2026 | 310000 | 0 | 310000
14352 | 02-2026 | 140000 | 0 | 140000
14353 | 02-2026 | 460000 | 0 | 460000
14354 | 02-2026 | 830000 | 0 | 830000
14355 | 02-2026 | 40000 | 0 | 40000
14357 | 02-2026 | 460000 | 0 | 460000
14359 | 02-2026 | 125000 | 0 | 125000
14360 | 02-2026 | 280000 | 0 | 280000
14361 | 02-2026 | 1080000 | 54000 | 1026000
14362 | 02-2026 | 40000 | 0 | 40000
14363 | 02-2026 | 100000 | 0 | 100000
14364 | 02-2026 | 40000 | 0 | 40000
14365 | 02-2026 | 1000000 | 0 | 1000000
14366 | 02-2026 | 250000 | 0 | 250000
14368 | 02-2026 | 460000 | 0 | 460000
14369 | 02-2026 | 810000 | 0 | 810000
14370 | 02-2026 | 530000 | 0 | 530000
14371 | 02-2026 | 770000 | 0 | 770000
14372 | 02-2026 | 505000 | 0 | 505000
14373 | 02-2026 | 250000 | 0 | 250000
14374 | 02-2026 | 1720000 | 0 | 1720000
14375 | 02-2026 | 180000 | 0 | 180000
14377 | 02-2026 | 180000 | 0 | 180000
14379 | 02-2026 | 330000 | 0 | 330000
14380 | 02-2026 | 680000 | 0 | 680000
14381 | 02-2026 | 40000 | 0 | 40000
14382 | 02-2026 | 40000 | 0 | 40000
14383 | 02-2026 | 580000 | 0 | 580000
14384 | 02-2026 | 400000 | 0 | 400000
14385 | 02-2026 | 460000 | 0 | 460000
14386 | 02-2026 | 1030000 | 0 | 1030000
14389 | 02-2026 | 330000 | 0 | 330000
14390 | 02-2026 | 530000 | 0 | 530000
14391 | 02-2026 | 180000 | 0 | 180000
14392 | 02-2026 | 640000 | 0 | 640000
14393 | 02-2026 | 180000 | 0 | 180000
14394 | 02-2026 | 1580000 | 0 | 1580000
14395 | 02-2026 | 480000 | 0 | 480000
14396 | 02-2026 | 180000 | 0 | 180000
14397 | 02-2026 | 120000 | 0 | 120000
14398 | 02-2026 | 40000 | 0 | 40000
14399 | 02-2026 | 40000 | 0 | 40000
14400 | 02-2026 | 80000 | 0 | 80000
14401 | 02-2026 | 1110000 | 55500 | 1054500
14403 | 02-2026 | 310000 | 0 | 310000
14404 | 02-2026 | 370000 | 0 | 370000
14405 | 02-2026 | 150000 | 0 | 150000
14406 | 02-2026 | 1030000 | 0 | 1030000
14407 | 02-2026 | 40000 | 0 | 40000
14408 | 02-2026 | 460000 | 0 | 460000
14409 | 02-2026 | 945000 | 0 | 945000
14410 | 02-2026 | 420000 | 0 | 420000
14411 | 02-2026 | 180000 | 0 | 180000
14412 | 02-2026 | 40000 | 0 | 40000
14413 | 02-2026 | 150000 | 0 | 150000
14414 | 02-2026 | 100000 | 0 | 100000
14415 | 02-2026 | 40000 | 0 | 40000
14416 | 02-2026 | 780000 | 0 | 780000
14417 | 02-2026 | 250000 | 0 | 250000
14418 | 02-2026 | 380000 | 0 | 380000
14419 | 02-2026 | 274000 | 0 | 274000
14420 | 02-2026 | 180000 | 0 | 180000
14422 | 02-2026 | 1426000 | 0 | 1426000
14423 | 02-2026 | 180000 | 0 | 180000
14424 | 02-2026 | 294000 | 0 | 294000
14425 | 02-2026 | 65000 | 0 | 65000
14426 | 02-2026 | 80000 | 0 | 80000
14428 | 02-2026 | 80000 | 0 | 80000
14429 | 02-2026 | 40000 | 0 | 40000
14430 | 02-2026 | 560000 | 0 | 560000
14432 | 02-2026 | 20000 | 0 | 20000
14433 | 02-2026 | 150000 | 0 | 150000
14434 | 02-2026 | 450000 | 0 | 450000
14435 | 02-2026 | 265000 | 0 | 265000
14436 | 02-2026 | 40000 | 0 | 40000
14437 | 02-2026 | 40000 | 0 | 40000
14438 | 02-2026 | 460000 | 0 | 460000
14439 | 02-2026 | 580000 | 0 | 580000
14440 | 02-2026 | 360000 | 0 | 360000
14441 | 02-2026 | 180000 | 0 | 180000
14442 | 02-2026 | 574000 | 0 | 574000
14443 | 02-2026 | 15000 | 0 | 15000
14444 | 02-2026 | 280000 | 0 | 280000
14445 | 02-2026 | 180000 | 0 | 180000
14446 | 02-2026 | 105000 | 0 | 105000
14447 | 02-2026 | 180000 | 0 | 180000
14448 | 02-2026 | 200000 | 0 | 200000
14449 | 02-2026 | 40000 | 0 | 40000
14450 | 02-2026 | 40000 | 0 | 40000
14451 | 02-2026 | 95000 | 0 | 95000
14452 | 02-2026 | 446000 | 0 | 446000
14453 | 02-2026 | 200000 | 0 | 200000
14454 | 02-2026 | 105000 | 0 | 105000
14455 | 02-2026 | 650000 | 0 | 650000
14456 | 02-2026 | 40000 | 0 | 40000
14458 | 02-2026 | 265000 | 0 | 265000
14459 | 02-2026 | 1034000 | 0 | 1034000
14460 | 02-2026 | 250000 | 0 | 250000
14461 | 02-2026 | 1580000 | 0 | 1580000
14462 | 02-2026 | 40000 | 0 | 40000
14463 | 02-2026 | 270000 | 0 | 270000
14464 | 02-2026 | 406000 | 0 | 406000
14465 | 02-2026 | 310000 | 0 | 310000
14466 | 02-2026 | 250000 | 0 | 250000
14467 | 02-2026 | 40000 | 0 | 40000
14468 | 02-2026 | 260000 | 0 | 260000
14469 | 02-2026 | 365000 | 0 | 365000
14471 | 02-2026 | 40000 | 0 | 40000
14472 | 02-2026 | 545000 | 0 | 545000
14473 | 02-2026 | 50000 | 0 | 40000
14474 | 02-2026 | 530000 | 0 | 530000
14475 | 02-2026 | 280000 | 0 | 280000
14476 | 02-2026 | 170000 | 0 | 170000
14477 | 02-2026 | 420000 | 0 | 420000
14478 | 02-2026 | 644000 | 0 | 644000
14479 | 02-2026 | 1030000 | 0 | 1030000
14480 | 02-2026 | 630000 | 0 | 630000
14481 | 02-2026 | 40000 | 0 | 40000
14482 | 02-2026 | 80000 | 0 | 80000
14483 | 02-2026 | 265000 | 0 | 265000
14484 | 02-2026 | 420000 | 0 | 420000
14485 | 02-2026 | 125000 | 0 | 125000
14486 | 02-2026 | 750000 | 0 | 750000
14487 | 02-2026 | 350000 | 0 | 350000
14488 | 02-2026 | 40000 | 0 | 40000
14489 | 02-2026 | 1580000 | 0 | 1580000
14490 | 02-2026 | 265000 | 0 | 265000
14491 | 02-2026 | 40000 | 0 | 40000
14495 | 02-2026 | 80000 | 0 | 80000
14497 | 02-2026 | 464000 | 0 | 464000
14498 | 02-2026 | 1600000 | 0 | 1600000
14499 | 02-2026 | 1516000 | 0 | 1516000
14501 | 03-2026 | 1730000 | 0 | 1730000
14502 | 03-2026 | 466000 | 0 | 466000
14504 | 03-2026 | 1200000 | 0 | 1200000
14505 | 03-2026 | 280000 | 0 | 280000
14506 | 03-2026 | 50000 | 0 | 50000
14493 | 03-2026 | 910000 | 0 | 910000
14508 | 03-2026 | 930000 | 0 | 930000
14509 | 03-2026 | 50000 | 0 | 50000
14510 | 03-2026 | 40000 | 0 | 40000
14511 | 03-2026 | 600000 | 0 | 600000
14512 | 03-2026 | 40000 | 0 | 40000
14513 | 03-2026 | 120000 | 0 | 120000
14514 | 03-2026 | 970000 | 0 | 970000
14515 | 03-2026 | 120000 | 0 | 120000
14516 | 03-2026 | 680000 | 0 | 680000
14517 | 03-2026 | 40000 | 0 | 40000
14518 | 03-2026 | 250000 | 0 | 250000
14519 | 03-2026 | 280000 | 0 | 280000
14520 | 03-2026 | 40000 | 0 | 40000
14521 | 03-2026 | 850000 | 0 | 850000
14522 | 03-2026 | 480000 | 0 | 480000
14523 | 03-2026 | 1280000 | 0 | 1280000
14524 | 03-2026 | 580000 | 0 | 580000
14525 | 03-2026 | 120000 | 0 | 120000
14526 | 03-2026 | 300000 | 0 | 300000
14427 | 03-2026 | 90000 | 0 | 90000
14528 | 03-2026 | 110000 | 0 | 110000
14529 | 03-2026 | 530000 | 0 | 530000
14530 | 03-2026 | 530000 | 0 | 530000
14531 | 03-2026 | 380000 | 0 | 380000
14532 | 03-2026 | 150000 | 0 | 150000
14533 | 03-2026 | 275000 | 0 | 275000
14534 | 03-2026 | 275000 | 0 | 275000
14535 | 03-2026 | 460000 | 0 | 460000
14358 | 03-2026 | 460000 | 0 | 460000
13784 | 03-2026 | 600000 | 0 | 600000
14537 | 03-2026 | 40000 | 0 | 40000
14538 | 03-2026 | 2510000 | 0 | 2510000
17539 | 03-2026 | 400000 | 0 | 400000
14540 | 03-2026 | 40000 | 0 | 40000
14541 | 03-2026 | 460000 | 0 | 460000
14542 | 03-2026 | 530000 | 0 | 530000
14543 | 03-2026 | 30000 | 0 | 30000
14544 | 03-2026 | 100000 | 0 | 100000
14545 | 03-2026 | 970000 | 48500 | 921500
14546 | 03-2026 | 530000 | 0 | 530000
14547 | 03-2026 | 810000 | 0 | 810000
14548 | 03-2026 | 585000 | 0 | 585000
14550 | 03-2026 | 250000 | 0 | 250000
14551 | 03-2026 | 780000 | 0 | 780000
14552 | 03-2026 | 480000 | 0 | 480000
14553 | 03-2026 | 460000 | 0 | 460000
14556 | 03-2026 | 250000 | 0 | 250000
14557 | 03-2026 | 80000 | 0 | 80000
14558 | 03-2026 | 180000 | 0 | 180000
14559 | 03-2026 | 60000 | 0 | 60000
14561 | 03-2026 | 270000 | 0 | 270000
14563 | 03-2026 | 40000 | 0 | 40000
14565 | 03-2026 | 570000 | 0 | 570000
14566 | 03-2026 | 300000 | 0 | 300000
14567 | 03-2026 | 350000 | 0 | 350000
14568 | 03-2026 | 40000 | 0 | 40000
14569 | 03-2026 | 180000 | 0 | 180000
14570 | 03-2026 | 190000 | 0 | 190000
14571 | 03-2026 | 776000 | 0 | 776000
14572 | 03-2026 | 385000 | 0 | 385000
14573 | 03-2026 | 1420000 | 71000 | 1349000
14574 | 03-2026 | 2530000 | 0 | 2530000
14575 | 03-2026 | 750000 | 0 | 750000
14577 | 03-2026 | 40000 | 0 | 40000
14578 | 03-2026 | 250000 | 0 | 250000
14579 | 03-2026 | 580000 | 0 | 580000
14581 | 03-2026 | 5000 | 0 | 5000
14582 | 03-2026 | 2050000 | 0 | 2050000
14583 | 03-2026 | 630000 | 0 | 630000
14584 | 03-2026 | 250000 | 0 | 250000
14585 | 03-2026 | 360000 | 0 | 360000
14586 | 03-2026 | 365000 | 0 | 365000
14587 | 03-2026 | 225000 | 0 | 225000
14588 | 03-2026 | 530000 | 26500 | 503500
14589 | 03-2026 | 1580000 | 0 | 1580000
14590 | 03-2026 | 460000 | 0 | 460000
14591 | 03-2026 | 930000 | 0 | 930000
14593 | 03-2026 | 60000 | 0 | 60000
14594 | 03-2026 | 400000 | 0 | 400000
14597 | 03-2026 | 530000 | 0 | 530000
14598 | 03-2026 | 960000 | 48000 | 912000
14599 | 03-2026 | 730000 | 36500 | 693500
14601 | 03-2026 | 30000 | 0 | 30000
14602 | 03-2026 | 30000 | 0 | 30000
14603 | 03-2026 | 480000 | 0 | 480000
14604 | 03-2026 | 390000 | 0 | 390000
14605 | 03-2026 | 580000 | 0 | 580000
14606 | 03-2026 | 40000 | 0 | 40000
14607 | 03-2026 | 40000 | 0 | 40000
14608 | 03-2026 | 630000 | 0 | 630000
14609 | 03-2026 | 530000 | 0 | 530000
14610 | 03-2026 | 460000 | 0 | 460000
14611 | 03-2026 | 350000 | 0 | 350000
14612 | 03-2026 | 750000 | 0 | 750000
14614 | 03-2026 | 250000 | 0 | 250000
14615 | 03-2026 | 580000 | 0 | 580000
14617 | 03-2026 | 40000 | 0 | 40000
14618 | 03-2026 | 630000 | 0 | 630000
14619 | 03-2026 | 1580000 | 0 | 1580000
14620 | 03-2026 | 250000 | 0 | 250000
14621 | 03-2026 | 930000 | 0 | 930000
14622 | 03-2026 | 40000 | 0 | 40000
14624 | 03-2026 | 40000 | 0 | 40000
14625 | 03-2026 | 280000 | 0 | 280000
14626 | 03-2026 | 250000 | 0 | 250000
14627 | 03-2026 | 400000 | 0 | 400000
14628 | 03-2026 | 735000 | 0 | 735000
14629 | 03-2026 | 350000 | 0 | 350000
14630 | 03-2026 | 80000 | 0 | 80000
14631 | 03-2026 | 250000 | 0 | 250000
14632 | 03-2026 | 310000 | 0 | 310000
14633 | 03-2026 | 480000 | 0 | 480000
14634 | 03-2026 | 120000 | 0 | 120000
14635 | 03-2026 | 250000 | 0 | 250000
14636 | 03-2026 | 430000 | 0 | 430000
14637 | 03-2026 | 460000 | 23000 | 437000
14638 | 03-2026 | 265000 | 0 | 265000
14639 | 03-2026 | 1030000 | 0 | 1030000
14640 | 03-2026 | 1200000 | 0 | 1200000
14641 | 03-2026 | 40000 | 0 | 40000
14642 | 03-2026 | 365000 | 0 | 365000
14643 | 03-2026 | 20000 | 0 | 20000
14644 | 03-2026 | 2304000 | 0 | 2304000
14645 | 03-2026 | 120000 | 0 | 120000
14646 | 03-2026 | 100000 | 0 | 100000
14647 | 03-2026 | 40000 | 0 | 40000
14648 | 03-2026 | 530000 | 0 | 530000
14649 | 03-2026 | 25000 | 0 | 25000
14650 | 03-2026 | 930000 | 0 | 930000
14651 | 03-2026 | 1480000 | 0 | 1480000
14652 | 03-2026 | 300000 | 0 | 300000
14653 | 03-2026 | 1015000 | 0 | 1015000
14654 | 03-2026 | 425000 | 0 | 425000
14655 | 03-2026 | 150000 | 0 | 150000
14656 | 03-2026 | 120000 | 0 | 120000
14657 | 03-2026 | 135000 | 0 | 135000
14658 | 03-2026 | 850000 | 42500 | 807500
14659 | 03-2026 | 20000 | 0 | 20000
14660 | 03-2026 | 460000 | 0 | 460000
14661 | 03-2026 | 1300000 | 0 | 1300000
14662 | 03-2026 | 420000 | 0 | 420000
14663 | 03-2026 | 1030000 | 0 | 1030000
14664 | 03-2026 | 670000 | 0 | 670000
14665 | 03-2026 | 500000 | 0 | 500000
14666 | 03-2026 | 80000 | 0 | 80000
14667 | 03-2026 | 275000 | 0 | 275000
14670 | 03-2026 | 460000 | 0 | 460000
14671 | 03-2026 | 500000 | 0 | 500000
14673 | 03-2026 | 530000 | 0 | 530000
14674 | 03-2026 | 480000 | 0 | 480000
14675 | 03-2026 | 250000 | 0 | 250000
14677 | 03-2026 | 30000 | 0 | 30000
17679 | 03-2026 | 930000 | 0 | 930000
14680 | 03-2026 | 320000 | 0 | 320000
14681 | 03-2026 | 530000 | 26500 | 503500
14682 | 03-2026 | 120000 | 0 | 120000
14687 | 03-2026 | 80000 | 0 | 80000
14688 | 03-2026 | 180000 | 0 | 180000
14689 | 03-2026 | 250000 | 0 | 250000
14691 | 03-2026 | 400000 | 0 | 400000
14692 | 03-2026 | 750000 | 0 | 750000
14695 | 03-2026 | 220000 | 0 | 220000
14696 | 03-2026 | 25000 | 0 | 25000
14697 | 03-2026 | 1580000 | 0 | 1580000
14699 | 03-2026 | 1580000 | 0 | 1580000
14700 | 03-2026 | 400000 | 0 | 400000
14701 | 03-2026 | 40000 | 0 | 40000
14702 | 03-2026 | 280000 | 0 | 280000
14703 | 03-2026 | 420000 | 21000 | 399000
14704 | 03-2026 | 570000 | 0 | 570000
14705 | 03-2026 | 765000 | 0 | 765000
14706 | 03-2026 | 350000 | 0 | 350000
14708 | 03-2026 | 1230000 | 0 | 1230000
14709 | 03-2026 | 300000 | 15000 | 285000
14710 | 03-2026 | 25000 | 0 | 25000
14711 | 03-2026 | 40000 | 0 | 40000
14712 | 03-2026 | 265000 | 0 | 265000
14713 | 03-2026 | 360000 | 0 | 360000
14715 | 03-2026 | 365000 | 0 | 365000
14716 | 03-2026 | 1230000 | 0 | 1230000
14718 | 03-2026 | 1250000 | 0 | 1250000
14720 | 03-2026 | 2080000 | 0 | 2080000
14721 | 03-2026 | 1030000 | 0 | 1030000
14722 | 03-2026 | 110000 | 0 | 110000
14724 | 03-2026 | 1100000 | 0 | 1100000
14725 | 03-2026 | 2230000 | 0 | 2230000
14726 | 03-2026 | 1550000 | 0 | 1550000
14729 | 03-2026 | 1620000 | 0 | 1620000
14730 | 03-2026 | 280000 | 0 | 280000
14732 | 03-2026 | 285000 | 0 | 285000
14733 | 03-2026 | 280000 | 0 | 280000
14734 | 03-2026 | 40000 | 0 | 40000
14735 | 03-2026 | 250000 | 0 | 250000
14736 | 03-2026 | 120000 | 0 | 120000
14728 | 04-2026 | 1200000 | 0 | 1200000
14719 | 04-2026 | 3885000 | 0 | 3885000
14503 | 04-2026 | 460000 | 0 | 460000
14739 | 04-2026 | 40000 | 0 | 40000
14740 | 04-2026 | 250000 | 0 | 250000
14741 | 04-2026 | 210000 | 0 | 210000
14743 | 04-2026 | 300000 | 0 | 300000
14744 | 04-2026 | 530000 | 0 | 530000
14745 | 04-2026 | 360000 | 0 | 360000
14746 | 04-2026 | 280000 | 0 | 280000
14747 | 04-2026 | 20000 | 0 | 20000
14748 | 04-2026 | 80000 | 0 | 80000
14749 | 04-2026 | 530000 | 0 | 530000
14750 | 04-2026 | 250000 | 0 | 250000
14751 | 04-2026 | 780000 | 0 | 780000
14753 | 04-2026 | 400000 | 0 | 400000
14754 | 04-2026 | 1580000 | 0 | 1580000
14755 | 04-2026 | 5000 | 0 | 5000
14756 | 04-2026 | 15000 | 0 | 15000
14758 | 04-2026 | 275000 | 0 | 275000
14759 | 04-2026 | 400000 | 0 | 400000
14761 | 04-2026 | 400000 | 0 | 400000
14762 | 04-2026 | 1030000 | 0 | 1030000
14764 | 04-2026 | 375000 | 0 | 375000
14765 | 04-2026 | 400000 | 0 | 400000
14766 | 04-2026 | 650000 | 0 | 650000
14768 | 04-2026 | 335000 | 0 | 335000
14769 | 04-2026 | 2800000 | 0 | 2800000
14770 | 04-2026 | 800000 | 0 | 800000
14771 | 04-2026 | 1680000 | 0 | 1680000
14772 | 04-2026 | 530000 | 0 | 530000
14773 | 04-2026 | 860000 | 0 | 860000
14774 | 04-2026 | 1635000 | 0 | 1635000
14776 | 04-2026 | 80000 | 0 | 80000
14777 | 04-2026 | 530000 | 0 | 530000
14778 | 04-2026 | 280000 | 0 | 280000
14779 | 04-2026 | 310000 | 0 | 310000
14781 | 04-2026 | 220000 | 0 | 220000
14782 | 04-2026 | 365000 | 0 | 365000
14783 | 04-2026 | 40000 | 0 | 40000
14784 | 04-2026 | 250000 | 0 | 250000
14786 | 04-2026 | 305000 | 0 | 305000
14787 | 04-2026 | 350000 | 0 | 350000
14789 | 04-2026 | 660000 | 33000 | 627000
14793 | 04-2026 | 460000 | 0 | 460000
14794 | 04-2026 | 650000 | 0 | 650000
14795 | 04-2026 | 80000 | 0 | 80000
14796 | 04-2026 | 260000 | 0 | 260000
14797 | 04-2026 | 180000 | 0 | 180000
14799 | 04-2026 | 750000 | 0 | 750000
14800 | 04-2026 | 40000 | 0 | 40000
14802 | 04-2026 | 460000 | 0 | 46000
14804 | 04-2026 | 180000 | 0 | 180000
14806 | 04-2026 | 530000 | 0 | 530000
14807 | 04-2026 | 250000 | 0 | 250000
14808 | 04-2026 | 1580000 | 0 | 1580000
14810 | 04-2026 | 485000 | 0 | 485000
14812 | 04-2026 | 40000 | 0 | 40000
14814 | 04-2026 | 1880000 | 0 | 1880000
14815 | 04-2026 | 40000 | 0 | 40000
14816 | 04-2026 | 310000 | 0 | 310000
14817 | 04-2026 | 300000 | 0 | 300000
14822 | 04-2026 | 805000 | 0 | 805000
14879 | 04-2026 | 30000 | 0 | 30000
14880 | 04-2026 | 40000 | 0 | 40000
14881 | 04-2026 | 250000 | 0 | 250000
14882 | 04-2026 | 250000 | 0 | 250000
14884 | 04-2026 | 480000 | 0 | 480000
14885 | 04-2026 | 40000 | 0 | 40000
14886 | 04-2026 | 1450000 | 0 | 1450000
14887 | 04-2026 | 280000 | 0 | 280000
14890 | 04-2026 | 300000 | 0 | 300000
14891 | 04-2026 | 430000 | 0 | 430000
14893 | 04-2026 | 1160000 | 58000 | 1102000
14895 | 04-2026 | 1260000 | 0 | 1260000
14896 | 04-2026 | 275000 | 0 | 275000
14898 | 04-2026 | 40000 | 0 | 40000
14899 | 04-2026 | 650000 | 0 | 650000
14905 | 04-2026 | 265000 | 0 | 265000
14906 | 04-2026 | 640000 | 0 | 640000
14907 | 04-2026 | 280000 | 0 | 280000
14909 | 04-2026 | 270000 | 0 | 270000
14911 | 04-2026 | 15000 | 0 | 15000
14912 | 04-2026 | 930000 | 0 | 930000
14916 | 04-2026 | 250000 | 0 | 250000
14915 | 04-2026 | 310000 | 0 | 310000
14917 | 04-2026 | 180000 | 0 | 180000
14918 | 04-2026 | 500000 | 0 | 500000
14919 | 04-2026 | 930000 | 0 | 930000
14921 | 04-2026 | 180000 | 0 | 180000
14922 | 04-2026 | 1480000 | 0 | 1480000
14923 | 04-2026 | 60000 | 0 | 60000
14924 | 04-2026 | 660000 | 0 | 660000
14926 | 04-2026 | 810000 | 0 | 810000
14927 | 04-2026 | 265000 | 0 | 265000
14928 | 04-2026 | 580000 | 0 | 580000
14929 | 04-2026 | 30000 | 0 | 30000
14932 | 04-2026 | 530000 | 0 | 530000
14934 | 04-2026 | 260000 | 13000 | 247000
14935 | 04-2026 | 280000 | 0 | 280000
14936 | 04-2026 | 180000 | 0 | 180000
14939 | 04-2026 | 880000 | 0 | 880000
14940 | 04-2026 | 300000 | 0 | 300000
14942 | 04-2026 | 4100000 | 0 | 4100000
14904 | 05-2026 | 372000 | 0 | 372000
14908 | 05-2026 | 750000 | 0 | 750000
14034 | 05-2026 | 830000 | 0 | 830000
14943 | 05-2026 | 40000 | 0 | 40000
14944 | 05-2026 | 1300000 | 0 | 1300000
14937 | 05-2026 | 175000 | 0 | 175000
14946 | 05-2026 | 530000 | 0 | 530000
14947 | 05-2026 | 430000 | 0 | 430000
14948 | 05-2026 | 1660000 | 83000 | 1577000
14950 | 05-2026 | 20000 | 0 | 20000
14951 | 05-2026 | 150000 | 0 | 150000
14953 | 05-2026 | 180000 | 0 | 180000
14957 | 05-2026 | 546000 | 0 | 546000
14959 | 05-2026 | 250000 | 0 | 250000
14960 | 05-2026 | 516000 | 0 | 516000
14962 | 05-2026 | 620000 | 0 | 620000
14963 | 05-2026 | 600000 | 0 | 600000
14965 | 05-2026 | 400000 | 20000 | 380000
14966 | 05-2026 | 580000 | 0 | 580000
14967 | 05-2026 | 1460000 | 0 | 1460000
14970 | 05-2026 | 250000 | 0 | 250000
14974 | 05-2026 | 1596000 | 0 | 1596000
14975 | 05-2026 | 960000 | 0 | 960000
14976 | 05-2026 | 300000 | 0 | 300000
14977 | 05-2026 | 196000 | 0 | 196000
14979 | 05-2026 | 860000 | 0 | 860000
14980 | 05-2026 | 40000 | 0 | 40000
14981 | 05-2026 | 180000 | 0 | 180000
14983 | 05-2026 | 460000 | 0 | 460000
14984 | 05-2026 | 696000 | 0 | 696000
14987 | 05-2026 | 250000 | 0 | 250000
14988 | 05-2026 | 180000 | 0 | 180000
14989 | 05-2026 | 300000 | 0 | 300000
14990 | 05-2026 | 570000 | 0 | 570000
14992 | 05-2026 | 510000 | 0 | 510000
14993 | 05-2026 | 270000 | 0 | 270000
14995 | 05-2026 | 80000 | 0 | 80000
14996 | 05-2026 | 846000 | 0 | 846000
14997 | 05-2026 | 340000 | 0 | 340000
14998 | 05-2026 | 750000 | 0 | 750000
14999 | 05-2026 | 480000 | 0 | 480000
15001 | 05-2026 | 2526000 | 0 | 2526000
15002 | 05-2026 | 546000 | 0 | 546000
15003 | 05-2026 | 1030000 | 51500 | 978500
15004 | 05-2026 | 180000 | 0 | 180000
15007 | 05-2026 | 40000 | 0 | 40000
15008 | 05-2026 | 2710000 | 0 | 2710000
15010 | 05-2026 | 285000 | 0 | 285000
15011 | 05-2026 | 180000 | 0 | 180000
15012 | 05-2026 | 40000 | 0 | 40000
15015 | 05-2026 | 526000 | 0 | 526000
15018 | 05-2026 | 130000 | 0 | 130000
15019 | 05-2026 | 180000 | 0 | 180000
15022 | 05-2026 | 200000 | 0 | 200000
15023 | 05-2026 | 40000 | 0 | 40000
15024 | 05-2026 | 480000 | 0 | 480000
15026 | 05-2026 | 376000 | 0 | 376000
15027 | 05-2026 | 1080000 | 0 | 1080000
15029 | 05-2026 | 275000 | 0 | 275000
15030 | 05-2026 | 40000 | 0 | 40000
15032 | 05-2026 | 846000 | 0 | 846000
15033 | 05-2026 | 480000 | 0 | 480000
15035 | 05-2026 | 980000 | 0 | 980000
15037 | 05-2026 | 696000 | 0 | 696000
15038 | 05-2026 | 120000 | 0 | 120000
15040 | 05-2026 | 496000 | 0 | 496000
15045 | 05-2026 | 391000 | 0 | 391000
15047 | 05-2026 | 280000 | 0 | 280000
15049 | 05-2026 | 85000 | 0 | 85000
15050 | 05-2026 | 50000 | 0 | 50000
15051 | 05-2026 | 650000 | 0 | 650000
15052 | 05-2026 | 330000 | 0 | 330000
15053 | 05-2026 | 500000 | 0 | 500000
15054 | 05-2026 | 1170000 | 0 | 1170000
15055 | 05-2026 | 846000 | 0 | 846000
15056 | 05-2026 | 526000 | 0 | 526000
15057 | 05-2026 | 250000 | 0 | 250000
15058 | 05-2026 | 180000 | 0 | 180000
15059 | 05-2026 | 40000 | 0 | 40000
15060 | 05-2026 | 250000 | 0 | 250000
15061 | 05-2026 | 325000 | 0 | 325000
15062 | 05-2026 | 750000 | 0 | 750000
15064 | 05-2026 | 500000 | 0 | 500000
15066 | 05-2026 | 446000 | 0 | 446000
15067 | 05-2026 | 250000 | 0 | 250000
15068 | 05-2026 | 40000 | 0 | 40000
15069 | 05-2026 | 880000 | 0 | 880000
15070 | 05-2026 | 150000 | 0 | 150000
15072 | 05-2026 | 316000 | 0 | 316000
14574 | 05-2026 | 1496000 | 0 | 1496000
15076 | 05-2026 | 310000 | 0 | 310000
15077 | 05-2026 | 630000 | 0 | 630000
15079 | 05-2026 | 365000 | 0 | 365000
15080 | 05-2026 | 40000 | 0 | 40000
15081 | 05-2026 | 1350000 | 0 | 1350000
15085 | 05-2026 | 346000 | 0 | 346000
15088 | 05-2026 | 2100000 | 105000 | 1995000
15089 | 05-2026 | 446000 | 0 | 446000
15090 | 05-2026 | 1300000 | 0 | 1300000
15092 | 05-2026 | 180000 | 0 | 180000
15093 | 05-2026 | 325000 | 0 | 325000
15094 | 05-2026 | 40000 | 0 | 40000
15096 | 05-2026 | 40000 | 0 | 40000
15097 | 05-2026 | 480000 | 0 | 480000
15098 | 05-2026 | 750000 | 0 | 750000
15099 | 05-2026 | 675000 | 0 | 675000
15100 | 05-2026 | 400000 | 0 | 400000
15101 | 05-2026 | 250000 | 0 | 250000
15102 | 05-2026 | 40000 | 0 | 40000
15103 | 05-2026 | 300000 | 0 | 300000
15105 | 05-2026 | 350000 | 0 | 350000
15106 | 05-2026 | 40000 | 0 | 40000
15107 | 05-2026 | 80000 | 0 | 80000
15108 | 05-2026 | 1110000 | 0 | 1110000
15112 | 05-2026 | 1580000 | 0 | 1580000
15114 | 05-2026 | 120000 | 0 | 120000
15115 | 05-2026 | 543000 | 0 | 543000
15119 | 05-2026 | 80000 | 0 | 80000
15120 | 05-2026 | 250000 | 0 | 250000
15122 | 05-2026 | 45000 | 0 | 45000
15124 | 05-2026 | 1150000 | 0 | 1150000
15125 | 05-2026 | 40000 | 0 | 40000
15126 | 05-2026 | 698000 | 0 | 698000
15130 | 05-2026 | 365000 | 0 | 365000
15133 | 05-2026 | 20000 | 0 | 20000
15135 | 05-2026 | 60000 | 0 | 60000
15136 | 05-2026 | 40000 | 0 | 40000
15137 | 05-2026 | 400000 | 0 | 400000
15087 | 06-2026 | 742000 | 0 | 742000
15110 | 06-2026 | 1700000 | 0 | 1700000
15063 | 06-2026 | 650000 | 0 | 650000
15141 | 06-2026 | 500000 | 0 | 500000
15134 | 06-2026 | 1700000 | 0 | 1700000
15138 | 06-2026 | 430000 | 21500 | 408500
15140 | 06-2026 | 90000 | 0 | 9000
15144 | 06-2026 | 250000 | 0 | 250000
15149 | 06-2026 | 250000 | 0 | 250000
15150 | 06-2026 | 400000 | 0 | 400000
15152 | 06-2026 | 750000 | 0 | 750000
15154 | 06-2026 | 1480000 | 0 | 1480000
15155 | 06-2026 | 780000 | 0 | 780000
15157 | 06-2026 | 530000 | 0 | 530000
15158 | 06-2026 | 460000 | 0 | 460000
15160 | 06-2026 | 365000 | 0 | 365000
15161 | 06-2026 | 620000 | 0 | 620000
15163 | 06-2026 | 300000 | 0 | 300000
15164 | 06-2026 | 40000 | 0 | 40000
15168 | 06-2026 | 920000 | 0 | 920000
15169 | 06-2026 | 40000 | 0 | 40000
15170 | 06-2026 | 460000 | 0 | 460000
15172 | 06-2026 | 275000 | 0 | 275000
15174 | 06-2026 | 40000 | 0 | 40000
15177 | 06-2026 | 300000 | 0 | 300000
15180 | 06-2026 | 225000 | 0 | 225000
15128 | 06-2026 | 80000 | 0 | 80000
15183 | 06-2026 | 120000 | 0 | 120000
15184 | 06-2026 | 220000 | 0 | 220000
15186 | 06-2026 | 530000 | 0 | 530000
15188 | 06-2026 | 40000 | 0 | 40000
15192 | 06-2026 | 120000 | 0 | 120000
15194 | 06-2026 | 300000 | 0 | 300000
15195 | 06-2026 | 460000 | 0 | 460000
15197 | 06-2026 | 250000 | 0 | 250000
15200 | 06-2026 | 280000 | 0 | 280000
15201 | 06-2026 | 730000 | 0 | 730000
15202 | 06-2026 | 540000 | 0 | 540000
15204 | 06-2026 | 530000 | 0 | 530000
15206 | 06-2026 | 125000 | 0 | 125000
15208 | 06-2026 | 1150000 | 0 | 1150000
15209 | 06-2026 | 375000 | 0 | 375000
15210 | 06-2026 | 1070000 | 0 | 1070000
15211 | 06-2026 | 2250000 | 0 | 2250000
15212 | 06-2026 | 40000 | 0 | 40000
15213 | 06-2026 | 40000 | 0 | 40000
15214 | 06-2026 | 480000 | 0 | 48000
15215 | 06-2026 | 446000 | 0 | 446000
15216 | 06-2026 | 460000 | 23000 | 437000
15217 | 06-2026 | 690000 | 0 | 690000
15218 | 06-2026 | 460000 | 0 | 460000
15219 | 06-2026 | 1030000 | 0 | 1030000
15221 | 06-2026 | 446000 | 0 | 446000
15223 | 06-2026 | 30000 | 0 | 30000
15225 | 06-2026 | 1800000 | 0 | 1800000
15227 | 06-2026 | 400000 | 0 | 400000
15228 | 06-2026 | 180000 | 0 | 180000
15229 | 06-2026 | 40000 | 0 | 40000
15230 | 06-2026 | 280000 | 0 | 280000
15232 | 06-2026 | 460000 | 0 | 460000
15233 | 06-2026 | 376000 | 0 | 376000
15235 | 06-2026 | 1130000 | 0 | 1130000
15236 | 06-2026 | 250000 | 0 | 250000
15240 | 06-2026 | 310000 | 0 | 310000
15241 | 06-2026 | 1210000 | 0 | 1210000
15247 | 06-2026 | 40000 | 0 | 40000
15249 | 06-2026 | 1200000 | 0 | 1200000
15251 | 06-2026 | 270000 | 0 | 270000
15252 | 06-2026 | 40000 | 0 | 40000
15254 | 06-2026 | 50000 | 0 | 50000
15255 | 06-2026 | 530000 | 0 | 530000
15256 | 06-2026 | 696000 | 0 | 696000
15257 | 06-2026 | 30000 | 0 | 30000
15258 | 06-2026 | 710000 | 0 | 710000
15260 | 06-2026 | 425000 | 21250 | 403750
15264 | 06-2026 | 180000 | 0 | 180000
15265 | 06-2026 | 1780000 | 0 | 1780000
15266 | 06-2026 | 40000 | 0 | 40000
15267 | 06-2026 | 275000 | 0 | 275000
15268 | 06-2026 | 125000 | 0 | 125000
15270 | 06-2026 | 480000 | 0 | 480000
15271 | 06-2026 | 240000 | 0 | 240000
15274 | 06-2026 | 250000 | 12500 | 237500
15277 | 06-2026 | 120000 | 0 | 120000
15278 | 06-2026 | 260000 | 13000 | 247000
15279 | 06-2026 | 760000 | 0 | 760000
15280 | 06-2026 | 1800000 | 0 | 1800000
15281 | 06-2026 | 196000 | 0 | 196000
15283 | 06-2026 | 780000 | 0 | 780000
15285 | 06-2026 | 350000 | 0 | 350000
15287 | 06-2026 | 650000 | 0 | 650000
15288 | 06-2026 | 310000 | 0 | 310000
15289 | 06-2026 | 930000 | 0 | 930000
15290 | 06-2026 | 930000 | 0 | 930000
15291 | 06-2026 | 1890000 | 0 | 1890000
15292 | 06-2026 | 196000 | 0 | 196000
15294 | 06-2026 | 860000 | 0 | 860000
15296 | 06-2026 | 1500000 | 0 | 1500000
15297 | 06-2026 | 500000 | 0 | 500000
15298 | 06-2026 | 310000 | 0 | 310000
15299 | 06-2026 | 446000 | 0 | 446000
15301 | 06-2026 | 550000 | 0 | 550000
15302 | 06-2026 | 460000 | 0 | 460000
15306 | 06-2026 | 180000 | 0 | 180000
15307 | 06-2026 | 1700000 | 0 | 1700000
15309 | 06-2026 | 506000 | 0 | 506000
15310 | 06-2026 | 40000 | 0 | 40000
15311 | 06-2026 | 20000 | 0 | 20000
15312 | 06-2026 | 1396000 | 0 | 1396000
15313 | 06-2026 | 180000 | 0 | 180000
15314 | 06-2026 | 270000 | 0 | 270000
15315 | 06-2026 | 50000 | 0 | 50000
15320 | 06-2026 | 730000 | 0 | 730000
15321 | 06-2026 | 250000 | 0 | 250000
15323 | 06-2026 | 1780000 | 0 | 1780000
15324 | 06-2026 | 500000 | 0 | 500000
15326 | 06-2026 | 100000 | 0 | 100000
15328 | 06-2026 | 580000 | 0 | 580000
15329 | 06-2026 | 760000 | 0 | 760000
15330 | 06-2026 | 275000 | 0 | 275000
15331 | 06-2026 | 640000 | 0 | 640000
15332 | 06-2026 | 40000 | 0 | 40000
15333 | 06-2026 | 40000 | 0 | 40000
15336 | 06-2026 | 360000 | 0 | 360000
